INSERT INTO jugador_equipo (codigo_equipo, codigo_jugador, año_entrada, año_salida, partidos_titular) VALUES
(1, 1, 2009, 2018, 353),
(1, 2, 2005, 2019, 600),
(1, 3, 2013, 2022, 235),
(2, 4, 2007, 2019, 482),
(2, 5, 2004, 2021, 512),
(2, 6, 2014, 2021, 292),
(3, 7, 2004, 2021, 559),
(3, 8, 2011, 2021, 346),
(3, 9, 2010, 2021, 190),
(4, 10, 2018, 2021, 55),
(4, 11, 2015, 2021, 175),
(4, 12, 2016, 2021, 129),
(5, 13, 2007, 2021, 431),
(5, 14, 2007, 2021, 430),
(5, 15, 2020, 2021, 25),
(6, 16, 2001, 2021, 422),
(6, 17, 2005, 2021, 258),
(6, 18, 2019, 2021, 44),
(7, 19, 2011, 2021, 325),
(7, 20, 2013, 2021, 293),
(7, 21, 2017, 2021, 68),
(8, 22, 2005, 2021, 417),
(8, 23, 2012, 2021, 298),
(8, 24, 2017, 2021, 66),
(9, 25, 2011, 2021, 347),
(9, 26, 2010, 2021, 247),
(9, 27, 2018, 2021, 52),
(10, 28, 2019, 2021, 68),
(10, 29, 2020, 2021, 33),
(10, 30, 2020, 2021, 22),
(11, 31, 2018, 2021, 71),
(11, 32, 2019, 2021, 61),
(11, 33, 2020, 2021, 29),
(12, 34, 2015, 2021, 141),
(12, 35, 2016, 2021, 109),
(12, 36, 2016, 2021, 80),
(13, 37, 2013, 2021, 182),
(13, 38, 2015, 2021, 124),
(13, 39, 2010, 2015, 100),
(14, 40, 2015, NULL, 50),
(14, 41, 2020, NULL, 10),
(14, 42, 2012, 2017, 120),
(15, 43, 2018, NULL, 80),
(15, 44, 2021, NULL, 5),
(15, 45, 2014, 2019, 150),
(16, 46, 2019, NULL, 30),
(16, 47, 2022, NULL, 0),
(16, 48, 2016, 2021, 90),
(17, 49, 2021, NULL, 20),
(17, 50, 2022, NULL, 0),
(17, 51, 2017, 2022, 110),
(18, 52, 2022, NULL, 0),
(18, 53, 2022, NULL, 0),
(18, 54, 2015, 2020, 80),
(18, 55, 2020, NULL, 10);