INSERT INTO partido (codigo_equipo_local, codigo_equipo_visitante, año_temporada, fecha, puntuacion_local, puntuacion_visitante) VALUES
(1, 2, 2021, '2021-05-01', 2, 0),
(2, 1, 2021, '2021-11-05', 1, 1),
(1, 3, 2021, '2021-09-01', 3, 2),
(3, 1, 2021, '2021-12-18', 2, 2),
(2, 3, 2021, '2021-08-14', 1, 3),
(3, 2, 2021, '2021-10-09', 0, 2),
(4, 5, 2021, '2021-03-27', 0, 1),
(5, 4, 2021, '2021-11-27', 2, 0),
(4, 6, 2021, '2021-05-22', 0, 3),
(6, 4, 2021, '2021-08-28', 2, 2),
(5, 6, 2021, '2021-10-30', 1, 1),
(6, 5, 2021, '2021-12-04', 3, 1),
(7, 8, 2021, '2021-02-20', 0, 1),
(8, 7, 2021, '2021-09-11', 2, 2),
(7, 9, 2021, '2021-06-19', 1, 3),
(9, 7, 2021, '2021-11-20', 0, 2),
(8, 9, 2021, '2021-10-02', 1, 1),
(9, 8, 2021, '2021-12-11', 1, 0),
(10, 11, 2021, '2021-04-10', 2, 1),
(11, 10, 2021, '2021-11-06', 0, 0),
(10, 12, 2021, '2021-07-24', 1, 2),
(12, 10, 2021, '2021-11-13', 2, 2),
(11, 12, 2021, '2021-09-04', 1, 3),
(12, 11, 2021, '2021-12-18', 3, 0),
(13, 14, 2021, '2021-01-30', 2, 1),
(14, 13, 2021, '2021-10-2', 1, 1),
(15, 14, 2021, '2021-08-04', 1, 3),
(16, 15, 2021, '2021-02-18', 3, 0),
(17, 16, 2021, '2021-03-30', 2, 1),
(18, 17, 2021, '2021-05-23', 1, 1),
(15, 18, 2021, '2021-04-04', 1, 3),
(16, 14, 2021, '2021-02-18', 3, 0),
(17, 13, 2021, '2021-02-30', 2, 1),
(18, 16, 2021, '2021-11-23', 1, 1);